Name=None
Owner=None
InteriorName=Casa #2
Notes=None
Level=10
Price=40
Sale=0
Interior=2
World=1310
Locked=1
xPoint=222.983703
yPoint=1239.839111
zPoint=1082.140625
aPoint=92.700897
enterX=2473.954589
enterY=997.713500
enterZ=14.272459
exitX=225.887695
exitY=1240.020874
exitZ=1082.140625
MoneySafe=0
Premium=3
