Name=None
Owner=None
InteriorName=Maddog's casa (HUGE)#TopeDeGama
Notes=None
Level=5000
Price=66
Sale=0
Interior=5
World=1222
Locked=1
xPoint=1298.932373
yPoint=-793.383117
zPoint=1084.007812
aPoint=0.414700
enterX=-817.424621
enterY=435.949432
enterZ=3.830495
exitX=1298.970581
exitY=-795.968872
exitZ=1084.007812
MoneySafe=0
