Name=None
Owner=None
InteriorName=Casa #3
Notes=No bugs/glitches found
Level=2
Price=3
Sale=0
Interior=1
World=1168
Locked=1
xPoint=223.331298
yPoint=1290.397949
zPoint=1082.132812
aPoint=0.266698
enterX=2547.128662
enterY=2203.059570
enterZ=14.116060
exitX=223.345199
exitY=1287.808715
exitZ=1082.140625
MoneySafe=0
Premium=0
