Name=None
Owner=None
InteriorName=Casa #6
Notes=None
Level=5
Price=8
Sale=0
Interior=10
World=840
Locked=1
xPoint=2265.895263
yPoint=-1210.492553
zPoint=1049.023437
aPoint=88.752098
enterX=1226.454956
enterY=-1011.068542
enterZ=36.328262
exitX=2269.456542
exitY=-1210.459716
exitZ=1047.562500
MoneySafe=0
Premium=2
