Name=None
Owner=None
InteriorName=Casa #1
Notes=None
Level=2
Price=3
Sale=0
Interior=3
World=885
Locked=1
xPoint=235.306900
yPoint=1190.049072
zPoint=1080.257812
aPoint=359.953308
enterX=-2789.170410
enterY=-181.423553
enterZ=10.062500
exitX=235.396896
exitY=1187.693481
exitZ=1080.257812
MoneySafe=0
Premium=0
