Name=None
Owner=None
InteriorName=Casa #4
Notes=None
Level=3
Price=4
Sale=0
Interior=7
World=912
Locked=1
xPoint=225.791000
yPoint=1025.774291
zPoint=1084.007812
aPoint=0.289999
enterX=2249.331787
enterY=-1060.319091
enterZ=55.968750
exitX=225.630996
exitY=1022.479980
exitZ=1084.014648
MoneySafe=0
Premium=0
