Name=None
Owner=None
InteriorName=Casa #3
Notes=None
Level=4
Price=5
Sale=0
Interior=1
World=911
Locked=1
xPoint=223.331298
yPoint=1290.397949
zPoint=1082.132812
aPoint=0.266698
enterX=2278.952636
enterY=-1077.512695
enterZ=48.241096
exitX=223.345199
exitY=1287.808715
exitZ=1082.140625
MoneySafe=0
Premium=2
