Name=None
Owner=None
InteriorName=House #5
Notes=None
Level=5
Price=8
Sale=0
Interior=15
World=660
Locked=1
xPoint=295.192199
yPoint=1475.535278
zPoint=1080.257812
aPoint=3.423197
enterX=2018.145507
enterY=2721.945312
enterZ=10.820302
exitX=295.285400
exitY=1473.011718
exitZ=1080.257812
MoneySafe=0
Premium=2
