Name=None
Owner=None
InteriorName=House #4
Notes=None
Level=4
Price=5
Sale=0
Interior=7
World=102
Locked=1
xPoint=225.791000
yPoint=1025.774291
zPoint=1084.007812
aPoint=0.289999
enterX=251.385086
enterY=-1220.244628
enterZ=76.102371
exitX=225.630996
exitY=1022.479980
exitZ=1084.014648
MoneySafe=0
Premium=2
