Name=None
Owner=None
InteriorName=Santa Maria Beach House
Notes=None
Level=7
Price=11
Sale=0
Interior=8
World=799
Locked=1
xPoint=2365.066650
yPoint=-1131.364501
zPoint=1050.875000
aPoint=0.101400
enterX=1468.705200
enterY=-906.163940
enterZ=54.835937
exitX=2365.357666
exitY=-1134.289062
exitZ=1050.875000
MoneySafe=0
Premium=3
