Name=None
Owner=[KIT]HOnTeK
InteriorName=Casa #4
Notes=None
Level=1
Price=1000000
Sale=1
Interior=7
World=3000
Locked=0
xPoint=225.791000
yPoint=1025.774291
zPoint=1084.007812
aPoint=0.289999
enterX=827.960998
enterY=-857.931579
enterZ=70.330810
exitX=225.630996
exitY=1022.479980
exitZ=1084.014648
MoneySafe=500000
