Name=None
Owner=None
InteriorName=Santa Maria Beach House
Notes=None
Level=4
Price=5
Sale=0
Interior=8
World=921
Locked=1
xPoint=2365.066650
yPoint=-1131.364501
zPoint=1050.875000
aPoint=0.101400
enterX=1627.163208
enterY=2710.761962
enterZ=10.820302
exitX=2365.357666
exitY=-1134.289062
exitZ=1050.875000
MoneySafe=0
Premium=2
