Name=None
Owner=None
InteriorName=Casa #5
Notes=None
Level=4
Price=5
Sale=0
Interior=15
World=906
Locked=1
xPoint=295.192199
yPoint=1475.535278
zPoint=1080.257812
aPoint=3.423197
enterX=646.138183
enterY=-1117.270996
enterZ=44.207038
exitX=295.285400
exitY=1473.011718
exitZ=1080.257812
MoneySafe=0
Premium=2
