Name=None
Owner=None
InteriorName=Casa #4
Notes=None
Level=10
Price=40
Sale=0
Interior=7
World=815
Locked=1
xPoint=225.791000
yPoint=1025.774291
zPoint=1084.007812
aPoint=0.289999
enterX=1410.991699
enterY=-920.847900
enterZ=38.421875
exitX=225.630996
exitY=1022.479980
exitZ=1084.014648
MoneySafe=0
Premium=3
