Name=None
Owner=None
InteriorName=House #3
Notes=todos gays
Level=1
Price=2
Sale=0
Interior=1
World=504
Locked=1
xPoint=223.331298
yPoint=1290.397949
zPoint=1082.132812
aPoint=0.266698
enterX=2524.708251
enterY=-1658.565551
enterZ=15.824020
exitX=223.345199
exitY=1287.808715
exitZ=1082.140625
MoneySafe=0
Premium=0
