Name=None
Owner=None
InteriorName=Carl Johnson's casa
Notes=None
Level=4
Price=5
Sale=0
Interior=3
World=940
Locked=1
xPoint=2496.007568
yPoint=-1695.892822
zPoint=1014.742187
aPoint=181.186401
enterX=-1051.808959
enterY=1549.979003
enterZ=33.437610
exitX=2495.993408
exitY=-1692.974243
exitZ=1014.742187
MoneySafe=0
Premium=2
