Name=None
Owner=None
InteriorName=Casa #1
Notes=None
Level=2
Price=3
Sale=0
Interior=3
World=895
Locked=1
xPoint=235.306900
yPoint=1190.049072
zPoint=1080.257812
aPoint=359.953308
enterX=-2686.818359
enterY=-188.123245
enterZ=7.203125
exitX=235.396896
exitY=1187.693481
exitZ=1080.257812
MoneySafe=0
Premium=0
