Name=None
Owner=None
InteriorName=Carl Johnson's casa
Notes=None
Level=4
Price=5
Sale=0
Interior=3
World=918
Locked=1
xPoint=2496.007568
yPoint=-1695.892822
zPoint=1014.742187
aPoint=181.186401
enterX=1580.198242
enterY=2708.851318
enterZ=10.826539
exitX=2495.993408
exitY=-1692.974243
exitZ=1014.742187
MoneySafe=0
Premium=2
