Name=None
Owner=None
InteriorName=Dos pisos simples
Notes=None
Level=4
Price=5
Sale=0
Interior=15
World=934
Locked=1
xPoint=-285.227996
yPoint=1470.864746
zPoint=1083.368041
aPoint=1083.265991
enterX=2056.570068
enterY=2665.173339
enterZ=10.820302
exitX=-283.391204
exitY=1470.695312
exitZ=1083.368041
MoneySafe=0
Premium=2
