Name=None
Owner=None
InteriorName=Casa #4
Notes=No bugs/glitches found
Level=5
Price=8
Sale=0
Interior=7
World=661
Locked=1
xPoint=225.791000
yPoint=1025.774291
zPoint=1084.007812
aPoint=0.289999
enterX=1497.133300
enterY=-687.890441
enterZ=95.563308
exitX=225.630996
exitY=1022.479980
exitZ=1084.014648
MoneySafe=0
Premium=2
