Name=None
Owner=None
InteriorName=Casa #1
Notes=None
Level=5
Price=8
Sale=0
Interior=3
World=827
Locked=1
xPoint=235.306900
yPoint=1190.049072
zPoint=1080.257812
aPoint=359.953308
enterX=1183.467651
enterY=-1075.665283
enterZ=31.678918
exitX=235.396896
exitY=1187.693481
exitZ=1080.257812
MoneySafe=0
Premium=2
