Name=None
Owner=None
InteriorName=Santa Maria Beach House
Notes=None
Level=10
Price=40
Sale=0
Interior=8
World=1046
Locked=1
xPoint=2365.066650
yPoint=-1131.364501
zPoint=1050.875000
aPoint=0.101400
enterX=2014.794677
enterY=1150.497192
enterZ=10.820304
exitX=2365.357666
exitY=-1134.289062
exitZ=1050.875000
MoneySafe=0
Premium=3
