Name=None
Owner=None
InteriorName=Casa #4
Notes=No bugs/glitches found
Level=1000
Price=1
Sale=0
Interior=7
World=0
Locked=1
xPoint=225.791000
yPoint=1025.774291
zPoint=1084.007812
aPoint=0.289999
enterX=-3188.248046
enterY=488.529510
enterZ=6.356797
exitX=225.630996
exitY=1022.479980
exitZ=1084.014648
MoneySafe=0
Premium=4
