Name=None
Owner=None
InteriorName=Sweet's casa
Notes=None
Level=4
Price=5
Sale=0
Interior=1
World=905
Locked=1
xPoint=2530.109375
yPoint=-1679.277221
zPoint=1015.498596
aPoint=359.639495
enterX=470.793395
enterY=-1163.552246
enterZ=67.217918
exitX=2525.239257
exitY=-1679.369873
exitZ=1015.498596
MoneySafe=0
Premium=2
