Name=None
Owner=None
InteriorName=Santa Maria Beach House
Notes=None
Level=5000
Price=60
Sale=0
Interior=8
World=1220
Locked=1
xPoint=2365.066650
yPoint=-1131.364501
zPoint=1050.875000
aPoint=0.101400
enterX=-777.526733
enterY=362.450225
enterZ=3.830495
exitX=2365.357666
exitY=-1134.289062
exitZ=1050.875000
MoneySafe=0
