Name=None
Owner=None
InteriorName=Ryder's casa
Notes=None
Level=2
Price=3
Sale=0
Interior=2
World=888
Locked=1
xPoint=2463.503173
yPoint=-1698.188110
zPoint=1013.507812
aPoint=89.833702
enterX=-2792.848632
enterY=-152.902587
enterZ=7.625193
exitX=2466.914550
exitY=-1698.284179
exitZ=1013.507812
MoneySafe=0
Premium=0
