Name=None
Owner=None
InteriorName=Maddog's casa (HUGE)#TopeDeGama
Notes=None
Level=5000
Price=60
Sale=0
Interior=5
World=1224
Locked=1
xPoint=1298.932373
yPoint=-793.383117
zPoint=1084.007812
aPoint=0.414700
enterX=-887.165710
enterY=563.252746
enterZ=7.790493
exitX=1298.970581
exitY=-795.968872
exitZ=1084.007812
MoneySafe=0
