Name=None
Owner=None
InteriorName=Casa #5
Notes=None
Level=1000
Price=1
Sale=0
Interior=15
World=0
Locked=1
xPoint=295.192199
yPoint=1475.535278
zPoint=1080.257812
aPoint=3.423197
enterX=-3162.845703
enterY=488.324981
enterZ=6.356797
exitX=295.285400
exitY=1473.011718
exitZ=1080.257812
MoneySafe=0
Premium=4
