Name=None
Owner=None
InteriorName=Casa #3
Notes=None
Level=1
Price=2
Sale=0
Interior=1
World=1
Locked=1
xPoint=223.331298
yPoint=1290.397949
zPoint=1082.132812
aPoint=0.266698
enterX=1684.827392
enterY=-2098.156250
enterZ=13.834321
exitX=223.345199
exitY=1287.808715
exitZ=1082.140625
MoneySafe=0
Premium=0
