Name=None
Owner=None
InteriorName=Ryder's House
Notes=None
Level=1
Price=2
Sale=0
Interior=2
World=2
Locked=1
xPoint=2463.503173
yPoint=-1698.188110
zPoint=1013.507812
aPoint=89.833702
enterX=-2690.611083
enterY=123.821846
enterZ=4.680877
exitX=2466.914550
exitY=-1698.284179
exitZ=1013.507812
MoneySafe=0
Premium=0
