Name=None
Owner=None
InteriorName=Casa #6
Notes=None
Level=300
Price=1
Sale=0
Interior=10
World=1202
Locked=1
xPoint=2265.895263
yPoint=-1210.492553
zPoint=1049.023437
aPoint=88.752098
enterX=-1719.909790
enterY=1356.739624
enterZ=7.187500
exitX=2269.456542
exitY=-1210.459716
exitZ=1047.562500
MoneySafe=0
Premium=4
