Name=None
Owner=None
InteriorName=Casa #6
Notes=No bugs/glitches found
Level=4
Price=5
Sale=0
Interior=10
World=917
Locked=1
xPoint=2265.895263
yPoint=-1210.492553
zPoint=1049.023437
aPoint=88.752098
enterX=1599.408935
enterY=2757.601318
enterZ=10.826539
exitX=2269.456542
exitY=-1210.459716
exitZ=1047.562500
MoneySafe=0
Premium=2
