Name=None
Owner=None
InteriorName=Santa Maria Beach House
Notes=None
Level=100
Price=1
Sale=0
Interior=8
World=1355
Locked=1
xPoint=2365.066650
yPoint=-1131.364501
zPoint=1050.875000
aPoint=0.101400
enterX=-2008.564941
enterY=-1017.154296
enterZ=32.171875
exitX=2365.357666
exitY=-1134.289062
exitZ=1050.875000
MoneySafe=0
Premium=4
