Name=None
Owner=None
InteriorName=Casa #6
Notes=None
Level=3
Price=4
Sale=0
Interior=10
World=914
Locked=1
xPoint=2265.895263
yPoint=-1210.492553
zPoint=1049.023437
aPoint=88.752098
enterX=1643.515136
enterY=2753.453857
enterZ=10.820302
exitX=2269.456542
exitY=-1210.459716
exitZ=1047.562500
MoneySafe=0
Premium=0
