Name=None
Owner=None
InteriorName=Casa #2
Notes=None
Level=2
Price=3
Sale=0
Interior=2
World=1256
Locked=1
xPoint=222.983703
yPoint=1239.839111
zPoint=1082.140625
aPoint=92.700897
enterX=2818.526367
enterY=2140.775634
enterZ=10.820302
exitX=225.887695
exitY=1240.020874
exitZ=1082.140625
MoneySafe=0
Premium=0
