Name=None
Owner=None
InteriorName=Casa #5
Notes=None
Level=2500
Price=1
Sale=0
Interior=15
World=0
Locked=1
xPoint=295.192199
yPoint=1475.535278
zPoint=1080.257812
aPoint=3.423197
enterX=-3176.662109
enterY=485.629974
enterZ=7.503352
exitX=295.285400
exitY=1473.011718
exitZ=1080.257812
MoneySafe=0
Premium=4
