Name=None
Owner=None
InteriorName=Casa de dos pisos
Notes=No bugs/glitches found
Level=10
Price=40
Sale=0
Interior=5
World=800
Locked=1
xPoint=141.202697
yPoint=1368.894775
zPoint=1083.265991
aPoint=0.101400
enterX=219.212722
enterY=-1249.821044
enterZ=78.336563
exitX=140.377395
exitY=1365.784301
exitZ=1083.265991
MoneySafe=0
Premium=3
