Name=None
Owner=None
InteriorName=Casa #4
Notes=None
Level=4000
Price=1
Sale=0
Interior=7
World=818
Locked=1
xPoint=225.791000
yPoint=1025.774291
zPoint=1084.007812
aPoint=0.289999
enterX=1332.096313
enterY=-633.510986
enterZ=109.134902
exitX=225.630996
exitY=1022.479980
exitZ=1084.014648
MoneySafe=0
Premium=0
