Name=None
Owner=None
InteriorName=House #5
Notes=None
Level=5
Price=8
Sale=0
Interior=15
World=650
Locked=1
xPoint=295.192199
yPoint=1475.535278
zPoint=1080.257812
aPoint=3.423197
enterX=2037.178833
enterY=2664.507812
enterZ=10.820304
exitX=295.285400
exitY=1473.011718
exitZ=1080.257812
MoneySafe=0
Premium=2
