Name=None
Owner=None
InteriorName=Casa #5
Notes=No bugs/glitches found
Level=2
Price=3
Sale=0
Interior=15
World=752
Locked=1
xPoint=295.192199
yPoint=1475.535278
zPoint=1080.257812
aPoint=3.423197
enterX=-789.703674
enterY=2765.340087
enterZ=45.854598
exitX=295.285400
exitY=1473.011718
exitZ=1080.257812
MoneySafe=0
Premium=0
