Name=None
Owner=None
InteriorName=House #2
Notes=None
Level=1
Price=2
Sale=0
Interior=2
World=528
Locked=1
xPoint=222.983703
yPoint=1239.839111
zPoint=1082.140625
aPoint=92.700897
enterX=-938.874572
enterY=-517.916320
enterZ=26.093614
exitX=225.887695
exitY=1240.020874
exitZ=1082.140625
MoneySafe=0
Premium=0
