Name=None
Owner=None
InteriorName=Sweet's casa
Notes=None
Level=1
Price=2
Sale=0
Interior=1
World=1
Locked=1
xPoint=2530.109375
yPoint=-1679.277221
zPoint=1015.498596
aPoint=359.639495
enterX=1762.428955
enterY=-2101.983398
enterZ=13.856945
exitX=2525.239257
exitY=-1679.369873
exitZ=1015.498596
MoneySafe=0
Premium=0
