Name=None
Owner=None
InteriorName=Carl Johnson's House
Notes=None
Level=5
Price=8
Sale=0
Interior=3
World=609
Locked=1
xPoint=2496.007568
yPoint=-1695.892822
zPoint=1014.742187
aPoint=181.186401
enterX=2495.297851
enterY=-1691.138916
enterZ=14.765625
exitX=2495.993408
exitY=-1692.974243
exitZ=1014.742187
MoneySafe=0
Premium=2
