Name=None
Owner=None
InteriorName=Casa #2
Notes=None
Level=500
Price=10
Sale=0
Interior=2
World=1271
Locked=1
xPoint=222.983703
yPoint=1239.839111
zPoint=1082.140625
aPoint=92.700897
enterX=2064.230957
enterY=2178.800048
enterZ=10.820305
exitX=225.887695
exitY=1240.020874
exitZ=1082.140625
MoneySafe=0
Premium=4
