Name=None
Owner=None
InteriorName=Casa #2
Notes=None
Level=3
Price=4
Sale=0
Interior=2
World=910
Locked=1
xPoint=222.983703
yPoint=1239.839111
zPoint=1082.140625
aPoint=92.700897
enterX=2287.486083
enterY=-1081.037963
enterZ=48.245857
exitX=225.887695
exitY=1240.020874
exitZ=1082.140625
MoneySafe=0
Premium=0
