Name=None
Owner=None
InteriorName=House #3
Notes=None
Level=1
Price=2
Sale=0
Interior=1
World=505
Locked=1
xPoint=223.331298
yPoint=1290.397949
zPoint=1082.132812
aPoint=0.266698
enterX=2523.267822
enterY=-1679.276489
enterZ=15.496994
exitX=223.345199
exitY=1287.808715
exitZ=1082.140625
MoneySafe=0
Premium=0
