Name=None
Owner=None
InteriorName=Casa sin usar
Notes=No bugs/glitches found
Level=4
Price=5
Sale=0
Interior=12
World=908
Locked=1
xPoint=2324.346923
yPoint=-1145.881225
zPoint=1050.710083
aPoint=359.639892
enterX=835.992675
enterY=-894.672485
enterZ=68.768898
exitX=2324.457031
exitY=-1148.804443
exitZ=1050.710083
MoneySafe=0
Premium=2
