Name=None
Owner=None
InteriorName=Crack Den
Notes=None
Level=1
Price=2
Sale=0
Interior=5
World=20
Locked=1
xPoint=317.937103
yPoint=1118.069458
zPoint=1083.882812
aPoint=1.331400
enterX=-2791.740966
enterY=212.127410
enterZ=10.054677
exitX=318.564697
exitY=1115.592285
exitZ=1083.882812
MoneySafe=0
Premium=0
