Name=None
Owner=None
InteriorName=House #4
Notes=None
Level=1
Price=2
Sale=0
Interior=7
World=12
Locked=1
xPoint=225.791000
yPoint=1025.774291
zPoint=1084.007812
aPoint=0.289999
enterX=-2631.838378
enterY=135.496612
enterZ=7.203125
exitX=225.630996
exitY=1022.479980
exitZ=1084.014648
MoneySafe=0
Premium=0
