Name=None
Owner=None
InteriorName=Casa #5
Notes=No bugs/glitches found
Level=100
Price=1
Sale=0
Interior=15
World=1353
Locked=1
xPoint=295.192199
yPoint=1475.535278
zPoint=1080.257812
aPoint=3.423197
enterX=-2003.762695
enterY=-1019.418090
enterZ=32.171875
exitX=295.285400
exitY=1473.011718
exitZ=1080.257812
MoneySafe=0
Premium=4
