Name=None
Owner=None
InteriorName=Ryder's casa
Notes=None
Level=4
Price=5
Sale=0
Interior=2
World=915
Locked=1
xPoint=2463.503173
yPoint=-1698.188110
zPoint=1013.507812
aPoint=89.833702
enterX=1626.734130
enterY=2754.140625
enterZ=10.820302
exitX=2466.914550
exitY=-1698.284179
exitZ=1013.507812
MoneySafe=0
Premium=2
