Name=None
Owner=None
InteriorName=Casa #2
Notes=None
Level=500
Price=1
Sale=0
Interior=2
World=1270
Locked=1
xPoint=222.983703
yPoint=1239.839111
zPoint=1082.140625
aPoint=92.700897
enterX=2064.230468
enterY=2186.857177
enterZ=13.596652
exitX=225.887695
exitY=1240.020874
exitZ=1082.140625
MoneySafe=0
Premium=4
