Name=None
Owner=None
InteriorName=Casa #6
Notes=No bugs/glitches found
Level=2
Price=3
Sale=0
Interior=10
World=1132
Locked=1
xPoint=2265.895263
yPoint=-1210.492553
zPoint=1049.023437
aPoint=88.752098
enterX=2610.333251
enterY=2144.227539
enterZ=10.820302
exitX=2269.456542
exitY=-1210.459716
exitZ=1047.562500
MoneySafe=0
Premium=0
