Name=None
Owner=None
InteriorName=Casa #5
Notes=None
Level=1
Price=2
Sale=0
Interior=15
World=882
Locked=1
xPoint=295.192199
yPoint=1475.535278
zPoint=1080.257812
aPoint=3.423197
enterX=-2630.301025
enterY=-173.279418
enterZ=4.335669
exitX=295.285400
exitY=1473.011718
exitZ=1080.257812
MoneySafe=0
Premium=0
