Name=None
Owner=None
InteriorName=House #4
Notes=None
Level=3
Price=4
Sale=0
Interior=7
World=800
Locked=1
xPoint=225.791000
yPoint=1025.774291
zPoint=1084.007812
aPoint=0.289999
enterX=305.516998
enterY=-1770.219116
enterZ=4.538680
exitX=225.630996
exitY=1022.479980
exitZ=1084.014648
MoneySafe=0
Premium=0
