Name=None
Owner=None
InteriorName=Casa #5
Notes=None
Level=4
Price=5
Sale=0
Interior=15
World=903
Locked=1
xPoint=295.192199
yPoint=1475.535278
zPoint=1080.257812
aPoint=3.423197
enterX=416.707214
enterY=-1154.351440
enterZ=76.687614
exitX=295.285400
exitY=1473.011718
exitZ=1080.257812
MoneySafe=0
Premium=2
