Name=None
Owner=None
InteriorName=Casa básica
Notes=None
Level=10
Price=40
Sale=0
Interior=12
World=1370
Locked=1
xPoint=2324.530029
yPoint=-1149.540039
zPoint=1050.709960
aPoint=1083.265991
enterX=-2204.909912
enterY=-2451.960449
enterZ=31.816270
exitX=2324.530029
exitY=-1149.540039
exitZ=1050.709960
MoneySafe=0
Premium=3
