Name=None
Owner=None
InteriorName=Santa Maria Beach House
Notes=None
Level=4
Price=5
Sale=0
Interior=8
World=920
Locked=1
xPoint=2365.066650
yPoint=-1131.364501
zPoint=1050.875000
aPoint=0.101400
enterX=1601.148925
enterY=2709.029541
enterZ=10.826539
exitX=2365.357666
exitY=-1134.289062
exitZ=1050.875000
MoneySafe=0
Premium=2
