Name=None
Owner=None
InteriorName=House #5
Notes=None
Level=1
Price=2
Sale=0
Interior=15
World=45
Locked=1
xPoint=295.192199
yPoint=1475.535278
zPoint=1080.257812
aPoint=3.423197
enterX=-2653.942382
enterY=190.948898
enterZ=4.328125
exitX=295.285400
exitY=1473.011718
exitZ=1080.257812
MoneySafe=0
Premium=0
