Name=None
Owner=None
InteriorName=Casa #6
Notes=None
Level=2
Price=3
Sale=0
Interior=10
World=870
Locked=1
xPoint=2265.895263
yPoint=-1210.492553
zPoint=1049.023437
aPoint=88.752098
enterX=-2541.419433
enterY=-118.726837
enterZ=16.262165
exitX=2269.456542
exitY=-1210.459716
exitZ=1047.562500
MoneySafe=0
Premium=0
