Name=None
Owner=None
InteriorName=Crack Den
Notes=None
Level=3
Price=4
Sale=0
Interior=5
World=808
Locked=1
xPoint=317.937103
yPoint=1118.069458
zPoint=1083.882812
aPoint=1.331400
enterX=207.008407
enterY=-1768.883789
enterZ=4.369812
exitX=318.564697
exitY=1115.592285
exitZ=1083.882812
MoneySafe=0
Premium=0
