Name=[Kamuii's house]
Owner=[BR]leoEFRKamuii
InteriorName=Maddog's casa (HUGE)#TopeDeGama
Notes=None
Level=1
Price=10000
Sale=1
Interior=5
World=4001
Locked=0
xPoint=1298.932373
yPoint=-793.383117
zPoint=1084.007812
aPoint=0.414700
enterX=-369.533416
enterY=1169.203002
enterZ=20.271875
exitX=1298.970581
exitY=-795.968872
exitZ=1084.007812
MoneySafe=0
