Name=None
Owner=None
InteriorName=House #5
Notes=None
Level=3
Price=4
Sale=0
Interior=15
World=804
Locked=1
xPoint=295.192199
yPoint=1475.535278
zPoint=1080.257812
aPoint=3.423197
enterX=281.018432
enterY=-1767.071655
enterZ=4.546875
exitX=295.285400
exitY=1473.011718
exitZ=1080.257812
MoneySafe=0
Premium=0
