Name=None
Owner=None
InteriorName=House #6
Notes=None
Level=1
Price=2
Sale=0
Interior=10
World=515
Locked=1
xPoint=2265.895263
yPoint=-1210.492553
zPoint=1049.023437
aPoint=88.752098
enterX=736.537109
enterY=-556.776062
enterZ=18.012926
exitX=2269.456542
exitY=-1210.459716
exitZ=1047.562500
MoneySafe=0
Premium=0
