Name=None
Owner=None
InteriorName=House #5
Notes=asd
Level=5
Price=8
Sale=0
Interior=15
World=0
Locked=1
xPoint=295.192199
yPoint=1475.535278
zPoint=1080.257812
aPoint=3.423197
enterX=1921.786499
enterY=2665.193847
enterZ=10.820302
exitX=295.285400
exitY=1473.011718
exitZ=1080.257812
MoneySafe=0
Premium=2
