Name=None
Owner=None
InteriorName=House #4
Notes=None
Level=5
Price=8
Sale=0
Interior=7
World=700
Locked=1
xPoint=225.791000
yPoint=1025.774291
zPoint=1084.007812
aPoint=0.289999
enterX=1095.046630
enterY=-647.912841
enterZ=113.648437
exitX=225.630996
exitY=1022.479980
exitZ=1084.014648
MoneySafe=0
Premium=2
