Name=None
Owner=None
InteriorName=House #4
Notes=None
Level=4
Price=5
Sale=0
Interior=7
World=103
Locked=1
xPoint=225.791000
yPoint=1025.774291
zPoint=1084.007812
aPoint=0.289999
enterX=189.638153
enterY=-1308.337524
enterZ=70.249214
exitX=225.630996
exitY=1022.479980
exitZ=1084.014648
MoneySafe=0
Premium=2
