Name=None
Owner=None
InteriorName=Casa #5
Notes=None
Level=3
Price=4
Sale=0
Interior=15
World=913
Locked=1
xPoint=295.192199
yPoint=1475.535278
zPoint=1080.257812
aPoint=3.423197
enterX=1663.152465
enterY=2754.140136
enterZ=10.820302
exitX=295.285400
exitY=1473.011718
exitZ=1080.257812
MoneySafe=0
Premium=0
