Name=None
Owner=None
InteriorName=Maddog's casa (HUGE)#TopeDeGama
Notes=None
Level=1
Price=2
Sale=0
Interior=5
World=959
Locked=1
xPoint=1298.932373
yPoint=-793.383117
zPoint=1084.007812
aPoint=0.414700
enterX=1652.467041
enterY=2709.145996
enterZ=10.826539
exitX=1298.970581
exitY=-795.968872
exitZ=1084.007812
MoneySafe=0
Premium=0
