Name=None
Owner=None
InteriorName=House #2
Notes=None
Level=1
Price=2
Sale=0
Interior=2
World=535
Locked=1
xPoint=222.983703
yPoint=1239.839111
zPoint=1082.140625
aPoint=92.700897
enterX=-914.349121
enterY=-528.859985
enterZ=26.077989
exitX=225.887695
exitY=1240.020874
exitZ=1082.140625
MoneySafe=0
Premium=0
