Name=None
Owner=None
InteriorName=House #2
Notes=None
Level=1
Price=2
Sale=0
Interior=2
World=526
Locked=1
xPoint=222.983703
yPoint=1239.839111
zPoint=1082.140625
aPoint=92.700897
enterX=-940.228637
enterY=-536.817687
enterZ=26.765625
exitX=225.887695
exitY=1240.020874
exitZ=1082.140625
MoneySafe=0
Premium=0
