Name=None
Owner=None
InteriorName=Casa #1
Notes=None
Level=2500
Price=1
Sale=0
Interior=3
World=0
Locked=1
xPoint=235.306900
yPoint=1190.049072
zPoint=1080.257812
aPoint=359.953308
enterX=-3175.998046
enterY=452.914978
enterZ=6.611433
exitX=235.396896
exitY=1187.693481
exitZ=1080.257812
MoneySafe=0
Premium=4
