Name=None
Owner=None
InteriorName=Maddog's Crib (HUGE)
Notes=None
Level=10
Price=40
Sale=0
Interior=5
World=690
Locked=1
xPoint=1298.932373
yPoint=-793.383117
zPoint=1084.007812
aPoint=0.414700
enterX=2239.044433
enterY=1285.548950
enterZ=10.820302
exitX=1298.970581
exitY=-795.968872
exitZ=1084.007812
MoneySafe=0
Premium=3
