Name=None
Owner=None
InteriorName=Casa simple
Notes=None
Level=1
Price=2
Sale=0
Interior=6
World=1
Locked=1
xPoint=234.112594
yPoint=1072.258666
zPoint=1083.731445
aPoint=1083.265991
enterX=1711.564819
enterY=-2101.238769
enterZ=14.021014
exitX=234.048202
exitY=1063.043823
exitZ=1083.022460
MoneySafe=0
Premium=0
