Name=None
Owner=None
InteriorName=Ryder's House
Notes=None
Level=3
Price=4
Sale=0
Interior=2
World=1412
Locked=1
xPoint=2463.503173
yPoint=-1698.188110
zPoint=1013.507812
aPoint=89.833702
enterX=251.171051
enterY=-1765.722167
enterZ=4.756268
exitX=2466.914550
exitY=-1698.284179
exitZ=1013.507812
MoneySafe=0
Premium=0
