Name=None
Owner=None
InteriorName=Casa #1
Notes=None
Level=3
Price=4
Sale=0
Interior=3
World=901
Locked=1
xPoint=235.306900
yPoint=1190.049072
zPoint=1080.257812
aPoint=359.953308
enterX=352.236419
enterY=-1197.757324
enterZ=76.515625
exitX=235.396896
exitY=1187.693481
exitZ=1080.257812
MoneySafe=0
Premium=0
