Name=None
Owner=None
InteriorName=House #1
Notes=None
Level=1
Price=2
Sale=0
Interior=3
World=524
Locked=1
xPoint=235.306900
yPoint=1190.049072
zPoint=1080.257812
aPoint=359.953308
enterX=715.057434
enterY=-466.950561
enterZ=16.343704
exitX=235.396896
exitY=1187.693481
exitZ=1080.257812
MoneySafe=0
Premium=0
