Houses=1
X=0.000000
Y=0.000000
Z=0.000000
A=0.000000
Interior=0
Spawn=0
