vModel=411
rType=0
vPosX_0=2642.555175
vPosY_0=-1092.199218
vPosZ_0=69.177154
vAngle_0=180.873199
vPosX_1=2642.558593
vPosY_1=-1092.418701
vPosZ_1=69.177597
vAngle_1=180.873092
CP_0_PosX=2642.304687
CP_0_PosY=-1122.512817
CP_0_PosZ=66.111763
CP_1_PosX=2642.920898
CP_1_PosY=-1251.477294
CP_1_PosZ=51.842090
CP_2_PosX=2644.698486
CP_2_PosY=-1415.250610
CP_2_PosZ=30.008327
