Name=None
Owner=None
InteriorName=Santa Maria Beach House
Notes=None
Level=10
Price=40
Sale=0
Interior=8
World=1039
Locked=1
xPoint=2365.066650
yPoint=-1131.364501
zPoint=1050.875000
aPoint=0.101400
enterX=2186.987060
enterY=1113.496582
enterZ=12.653773
exitX=2365.357666
exitY=-1134.289062
exitZ=1050.875000
MoneySafe=0
Premium=3
