Name=None
Owner=None
InteriorName=Ryder's House
Notes=None
Level=1
Price=2
Sale=0
Interior=2
World=28
Locked=1
xPoint=2463.503173
yPoint=-1698.188110
zPoint=1013.507812
aPoint=89.833702
enterX=-2792.001220
enterY=103.611404
enterZ=10.054677
exitX=2466.914550
exitY=-1698.284179
exitZ=1013.507812
MoneySafe=0
Premium=0
