Name=None
Owner=None
InteriorName=Maddog's casa (HUGE)#TopeDeGama
Notes=None
Level=11
Price=60
Sale=0
Interior=5
World=1022
Locked=1
xPoint=1298.932373
yPoint=-793.383117
zPoint=1084.007812
aPoint=0.414700
enterX=-1943.505737
enterY=518.115234
enterZ=35.171875
exitX=1298.970581
exitY=-795.968872
exitZ=1084.007812
MoneySafe=0
Premium=4
