Name=None
Owner=None
InteriorName=Casa #4
Notes=No bugs/glitches found
Level=10
Price=40
Sale=0
Interior=7
World=1041
Locked=1
xPoint=225.791000
yPoint=1025.774291
zPoint=1084.007812
aPoint=0.289999
enterX=2177.863525
enterY=1451.160644
enterZ=10.820302
exitX=225.630996
exitY=1022.479980
exitZ=1084.014648
MoneySafe=0
Premium=3
