Name=None
Owner=None
InteriorName=Casa básica
Notes=None
Level=1
Price=2
Sale=0
Interior=12
World=1
Locked=1
xPoint=2324.530029
yPoint=-1149.540039
zPoint=1050.709960
aPoint=1083.265991
enterX=1734.204101
enterY=-2097.986328
enterZ=14.036639
exitX=2324.530029
exitY=-1149.540039
exitZ=1050.709960
MoneySafe=0
Premium=0
