Name=None
Owner=None
InteriorName=Casa #6
Notes=None
Level=2
Price=3
Sale=0
Interior=10
World=1167
Locked=1
xPoint=2265.895263
yPoint=-1210.492553
zPoint=1049.023437
aPoint=88.752098
enterX=2620.513183
enterY=2185.543945
enterZ=14.116060
exitX=2269.456542
exitY=-1210.459716
exitZ=1047.562500
MoneySafe=0
Premium=0
