Name=None
Owner=None
InteriorName=Casa sin usar
Notes=None
Level=1000
Price=1
Sale=0
Interior=12
World=0
Locked=1
xPoint=2324.346923
yPoint=-1145.881225
zPoint=1050.710083
aPoint=359.639892
enterX=-2054.371826
enterY=-3306.539062
enterZ=-28.386249
exitX=2324.457031
exitY=-1148.804443
exitZ=1050.710083
MoneySafe=0
Premium=4
