Name=None
Owner=None
InteriorName=House #2
Notes=None
Level=2
Price=3
Sale=0
Interior=2
World=677
Locked=1
xPoint=222.983703
yPoint=1239.839111
zPoint=1082.140625
aPoint=92.700897
enterX=2787.910888
enterY=2229.476806
enterZ=14.661458
exitX=225.887695
exitY=1240.020874
exitZ=1082.140625
MoneySafe=0
Premium=0
