Name=None
Owner=None
InteriorName=Casa #6
Notes=None
Level=2
Price=3
Sale=0
Interior=10
World=867
Locked=1
xPoint=2265.895263
yPoint=-1210.492553
zPoint=1049.023437
aPoint=88.752098
enterX=-2524.336669
enterY=-118.729545
enterZ=21.791799
exitX=2269.456542
exitY=-1210.459716
exitZ=1047.562500
MoneySafe=0
Premium=0
