Name=None
Owner=None
InteriorName=Santa Maria Beach House
Notes=None
Level=3
Price=4
Sale=0
Interior=8
World=902
Locked=1
xPoint=2365.066650
yPoint=-1131.364501
zPoint=1050.875000
aPoint=0.101400
enterX=265.880004
enterY=-1287.669311
enterZ=74.632507
exitX=2365.357666
exitY=-1134.289062
exitZ=1050.875000
MoneySafe=0
Premium=0
