Name=None
Owner=None
InteriorName=House #4
Notes=None
Level=5
Price=60
Sale=0
Interior=7
World=100
Locked=1
xPoint=225.791000
yPoint=1025.774291
zPoint=1084.007812
aPoint=0.289999
enterX=1093.317749
enterY=-807.216003
enterZ=107.423164
exitX=225.630996
exitY=1022.479980
exitZ=1084.014648
MoneySafe=0
Premium=2
