Name=None
Owner=None
InteriorName=Ryder's casa
Notes=None
Level=2
Price=3
Sale=0
Interior=2
World=889
Locked=1
xPoint=2463.503173
yPoint=-1698.188110
zPoint=1013.507812
aPoint=89.833702
enterX=-2791.588623
enterY=-145.853179
enterZ=7.859375
exitX=2466.914550
exitY=-1698.284179
exitZ=1013.507812
MoneySafe=0
Premium=0
