Name=None
Owner=None
InteriorName=Casa básica
Notes=None
Level=2
Price=3
Sale=0
Interior=12
World=926
Locked=1
xPoint=2324.530029
yPoint=-1149.540039
zPoint=1050.709960
aPoint=1083.265991
enterX=1703.924072
enterY=2689.000732
enterZ=10.826539
exitX=2324.530029
exitY=-1149.540039
exitZ=1050.709960
MoneySafe=0
Premium=0
