Name=None
Owner=None
InteriorName=Crack Den
Notes=None
Level=1
Price=2
Sale=0
Interior=5
World=1
Locked=1
xPoint=317.937103
yPoint=1118.069458
zPoint=1083.882812
aPoint=1.331400
enterX=1734.755493
enterY=-2130.359863
enterZ=14.021014
exitX=318.564697
exitY=1115.592285
exitZ=1083.882812
MoneySafe=0
Premium=0
