Name=None
Owner=None
InteriorName=Maddog's casa (HUGE)#TopeDeGama
Notes=No bugs/glitches found
Level=2
Price=3
Sale=0
Interior=5
World=1
Locked=1
xPoint=1298.932373
yPoint=-793.383117
zPoint=1084.007812
aPoint=0.414700
enterX=-2892.497558
enterY=435.824981
enterZ=5.718441
exitX=1298.970581
exitY=-795.968872
exitZ=1084.007812
MoneySafe=0
Premium=0
