Name=None
Owner=None
InteriorName=Casa #1
Notes=None
Level=5
Price=8
Sale=0
Interior=3
World=842
Locked=1
xPoint=235.306900
yPoint=1190.049072
zPoint=1080.257812
aPoint=359.953308
enterX=1242.169433
enterY=-1076.413940
enterZ=31.554687
exitX=235.396896
exitY=1187.693481
exitZ=1080.257812
MoneySafe=0
Premium=2
