Name=None
Owner=None
InteriorName=Sweet's House
Notes=None
Level=3
Price=4
Sale=0
Interior=1
World=809
Locked=1
xPoint=2530.109375
yPoint=-1679.277221
zPoint=1015.498596
aPoint=359.639495
enterX=192.778732
enterY=-1769.394653
enterZ=4.329442
exitX=2525.239257
exitY=-1679.369873
exitZ=1015.498596
MoneySafe=0
Premium=0
