Name=None
Owner=None
InteriorName=Casa #4
Notes=No bugs/glitches found
Level=2
Price=3
Sale=0
Interior=7
World=1008
Locked=1
xPoint=225.791000
yPoint=1025.774291
zPoint=1084.007812
aPoint=0.289999
enterX=-2725.744873
enterY=-92.485206
enterZ=7.203125
exitX=225.630996
exitY=1022.479980
exitZ=1084.014648
MoneySafe=0
Premium=0
