Name=None
Owner=None
InteriorName=Santa Maria Beach House
Notes=None
Level=5
Price=8
Sale=0
Interior=8
World=606
Locked=1
xPoint=2365.066650
yPoint=-1131.364501
zPoint=1050.875000
aPoint=0.101400
enterX=-2126.431884
enterY=978.598144
enterZ=80.007812
exitX=2365.357666
exitY=-1134.289062
exitZ=1050.875000
MoneySafe=0
Premium=2
