Name=None
Owner=None
InteriorName=Santa Maria Beach House
Notes=None
Level=5
Price=8
Sale=0
Interior=8
World=602
Locked=1
xPoint=2365.066650
yPoint=-1131.364501
zPoint=1050.875000
aPoint=0.101400
enterX=-2058.771240
enterY=889.371826
enterZ=61.856658
exitX=2365.357666
exitY=-1134.289062
exitZ=1050.875000
MoneySafe=0
Premium=2
