Name=None
Owner=None
InteriorName=Casa sin usar
Notes=No bugs/glitches found
Level=1
Price=2
Sale=0
Interior=12
World=104
Locked=1
xPoint=2324.346923
yPoint=-1145.881225
zPoint=1050.710083
aPoint=359.639892
enterX=228.099060
enterY=-1405.519287
enterZ=51.609375
exitX=2324.457031
exitY=-1148.804443
exitZ=1050.710083
MoneySafe=0
Premium=0
