Name=None
Owner=None
InteriorName=Casa #5
Notes=None
Level=2
Price=3
Sale=0
Interior=15
World=856
Locked=1
xPoint=295.192199
yPoint=1475.535278
zPoint=1080.257812
aPoint=3.423197
enterX=-2432.256591
enterY=-183.080322
enterZ=35.312500
exitX=295.285400
exitY=1473.011718
exitZ=1080.257812
MoneySafe=0
Premium=0
