Name=None
Owner=None
InteriorName=House #3
Notes=None
Level=5
Price=8
Sale=0
Interior=1
World=618
Locked=1
xPoint=223.331298
yPoint=1290.397949
zPoint=1082.132812
aPoint=0.266698
enterX=2385.525878
enterY=-1711.680541
enterZ=14.242177
exitX=223.345199
exitY=1287.808715
exitZ=1082.140625
MoneySafe=0
Premium=2
