Name=None
Owner=None
InteriorName=Casa #4
Notes=No bugs/glitches found
Level=7
Price=11
Sale=0
Interior=7
World=798
Locked=1
xPoint=225.791000
yPoint=1025.774291
zPoint=1084.007812
aPoint=0.289999
enterX=1535.692749
enterY=-885.223693
enterZ=57.657482
exitX=225.630996
exitY=1022.479980
exitZ=1084.014648
MoneySafe=0
Premium=3
