Name=None
Owner=None
InteriorName=Casa de dos pisos
Notes=None
Level=1
Price=60
Sale=0
Interior=5
World=1
Locked=1
xPoint=141.202697
yPoint=1368.894775
zPoint=1083.265991
aPoint=0.101400
enterX=1298.557617
enterY=-797.986022
enterZ=84.140625
exitX=140.377395
exitY=1365.784301
exitZ=1083.265991
MoneySafe=0
Premium=0
