Name=None
Owner=None
InteriorName=Casa #1
Notes=None
Level=1
Price=2
Sale=0
Interior=3
World=1
Locked=1
xPoint=235.306900
yPoint=1190.049072
zPoint=1080.257812
aPoint=359.953308
enterX=1673.622680
enterY=-2122.405517
enterZ=14.146014
exitX=235.396896
exitY=1187.693481
exitZ=1080.257812
MoneySafe=0
Premium=0
