Name=None
Owner=None
InteriorName=Maddog's Crib (HUGE)
Notes=None
Level=1
Price=60
Sale=0
Interior=5
World=500
Locked=1
xPoint=1298.932373
yPoint=-793.383117
zPoint=1084.007812
aPoint=0.414700
enterX=2480.921875
enterY=1525.113647
enterZ=11.781250
exitX=1298.970581
exitY=-795.968872
exitZ=1084.007812
MoneySafe=0
Premium=0
