Name=None
Owner=None
InteriorName=Casa #6
Notes=None
Level=300
Price=1
Sale=0
Interior=10
World=1209
Locked=1
xPoint=2265.895263
yPoint=-1210.492553
zPoint=1049.023437
aPoint=88.752098
enterX=-1650.038574
enterY=1377.479736
enterZ=7.172189
exitX=2269.456542
exitY=-1210.459716
exitZ=1047.562500
MoneySafe=0
Premium=4
