Name=None
Owner=None
InteriorName=Sexual obster
Notes=None
Level=4
Price=5
Sale=0
Interior=6
World=928
Locked=1
xPoint=345.738708
yPoint=305.959289
zPoint=998.450927
aPoint=1083.265991
enterX=1931.250366
enterY=2721.259521
enterZ=10.820302
exitX=343.882812
exitY=304.753814
exitZ=998.450927
MoneySafe=0
Premium=2
