Name=None
Owner=None
InteriorName=Crack Den
Notes=None
Level=1
Price=2
Sale=0
Interior=5
World=23
Locked=1
xPoint=317.937103
yPoint=1118.069458
zPoint=1083.882812
aPoint=1.331400
enterX=-2789.215087
enterY=183.842987
enterZ=10.062500
exitX=318.564697
exitY=1115.592285
exitZ=1083.882812
MoneySafe=0
Premium=0
