Name=None
Owner=None
InteriorName=Ryder's casa
Notes=Sofia <3
Level=4
Price=5
Sale=0
Interior=2
World=907
Locked=1
xPoint=2463.503173
yPoint=-1698.188110
zPoint=1013.507812
aPoint=89.833702
enterX=724.590332
enterY=-999.232849
enterZ=52.734375
exitX=2466.914550
exitY=-1698.284179
exitZ=1013.507812
MoneySafe=0
Premium=2
