Name=None
Owner=None
InteriorName=Casa #2
Notes=None
Level=10
Price=40
Sale=0
Interior=2
World=1316
Locked=1
xPoint=222.983703
yPoint=1239.839111
zPoint=1082.140625
aPoint=92.700897
enterX=2442.629150
enterY=1003.582885
enterZ=10.820304
exitX=225.887695
exitY=1240.020874
exitZ=1082.140625
MoneySafe=0
Premium=3
