Name=None
Owner=None
InteriorName=Casa sin usar
Notes=Soy gays si entrais a esta casa
Level=2
Price=3
Sale=0
Interior=12
World=1170
Locked=1
xPoint=2324.346923
yPoint=-1145.881225
zPoint=1050.710083
aPoint=359.639892
enterX=2556.337402
enterY=2203.058593
enterZ=14.116060
exitX=2324.457031
exitY=-1148.804443
exitZ=1050.710083
MoneySafe=0
Premium=0
