Name=None
Owner=None
InteriorName=Casa #2
Notes=None
Level=1
Price=2
Sale=0
Interior=2
World=1
Locked=1
xPoint=222.983703
yPoint=1239.839111
zPoint=1082.140625
aPoint=92.700897
enterX=1695.569946
enterY=-2125.837158
enterZ=13.810070
exitX=225.887695
exitY=1240.020874
exitZ=1082.140625
MoneySafe=0
Premium=0
