Name=None
Owner=None
InteriorName=Maddog's casa (HUGE)#TopeDeGama
Notes=None
Level=2
Price=3
Sale=0
Interior=5
World=400
Locked=1
xPoint=1298.932373
yPoint=-793.383117
zPoint=1084.007812
aPoint=0.414700
enterX=2351.125000
enterY=-1039.751831
enterZ=54.335803
exitX=1298.970581
exitY=-795.968872
exitZ=1084.007812
MoneySafe=0
Premium=0
